1.284183402276072002e+03 -1.972547994966337797e+02 5.681103083904455389e+02 3.171311966529015649e+02
-1.704611396820006121e+03 -1.590303377463601464e+03 -1.592170425218567289e+03 -1.544865288441366602e+03
3.982360060205608079e+02 1.593547841553753415e+02 -5.318788059535381763e+01 -1.155013290981778255e+03
-1.554355791020260995e+03 -3.911372585280098519e+02 -1.752942008305908075e+03 -1.880009959242929426e+03
5.510694453696121400e+02 -1.702979507406764696e+02 -4.128008640875129345e+02 -1.289290260667916073e+02
-1.110129004963942862e+03 -1.999629571311724476e+03 -1.474643968848057966e+03 -1.769775311678899357e+02
-6.167365666954119661e+02 5.145736866915565315e+02 3.977645939581290691e+02 -6.762882693429605752e+02
-1.735863579801986134e+03 -1.579607407371670888e+03 -1.712418037392123097e+03 -1.399178373365960397e+03
1.685297194303188917e+02 6.061362455024262772e+02 1.167367581047245153e+02 2.662603080595772553e+02
-5.265569291982161531e+02 -1.652865257439809966e+03 4.256084775140045053e+02 -1.843198475919135490e+03
3.752723830599259145e+02 9.119168817558729643e+02 4.449081407890137143e+02 -6.248930849355431292e+02
-1.991884020774853298e+03 -1.680860353539666903e+03 -8.497048927408707186e+02 -8.202939028442983727e+02
4.188855721875032145e+02 4.558354572753275988e+02 8.508956291841645907e+02 5.845267865797968909e+01
-7.240641076871989412e+01 -1.647635797948934851e+03 -6.652732648541211802e+02 -1.572960585474136224e+03
4.895066152764973140e+02 -2.804346210337068328e+02 2.011508381826005802e+02 1.518687854562458597e+03
-1.205890453820856919e+03 -8.501197702683502939e+02 -1.865626045549215178e+03 -1.540069662762994312e+03
4.424347672007760366e+02 6.782334768632337045e+02 4.259775743544338411e+02 -1.817863809990849177e+03
0.000000000000000000e+00 -1.000000000000000000e+03 7.549778642592490030e+01 -6.678633323826487640e+02
