1.952407078685196584e+00 1.202797704474987128e+01 2.781993140016107535e+00 2.064888515662734569e+00
-1.179383063864322567e+00 8.942566402795666392e+00 -5.902779458110737565e+00 -4.099486216680634953e+00
8.252930948584621618e+00 -4.998026412820362196e+00 -7.798851152428792233e+00 -5.361866751163957723e+00
2.502459427450849816e+00 -3.085662511675735686e+00 -7.673197968646278788e+00 -8.205869730924728600e+00
2.033679836563288390e+01 2.379265659158658952e+00 4.809582834455653710e+00 2.646314175987349415e+00
1.183498919570682162e+01 -8.445126410663950089e-01 4.250653584105744009e+00 -7.451924214159467041e+00
1.764852355661892602e+01 -2.949538503095148201e+00 -6.138665978200072537e+00 -3.968115361957991638e+00
1.064599351598414678e+01 -4.968522955540525921e+00 -8.919159193359995186e+00 -9.039678784666833167e+00
1.556018044912538478e+01 5.534387995649617586e+00 1.842453435790734950e+00 4.327191642719685483e+00
-1.065218120579988970e+01 1.176437122860781059e+01 -6.472230764423048122e-01 -8.955368514979447525e+00
-6.864999766347690269e-01 1.119047736444205832e+01 3.146071508083774226e+00 -3.717355779493125567e+00
-2.144983460018047694e+01 -4.855915068616759811e+00 -2.144302940791510181e+01 -2.427273400746480192e+01
6.637747235558519421e+00 1.181124346344876841e+00 4.997992282368182160e-01 3.718843493405730172e-01
6.687085348482245450e+00 -1.178112719700801847e+01 -5.012233256583502161e+00 -4.702295747792042846e+00
-4.288347376963185908e+00 -6.060071473871099457e+00 2.787726411839977825e+00 -6.037868175664115711e+00
-2.523737257315963944e+01 -5.903528315953987970e+00 -1.670337526759783486e+01 -1.868759438792116256e+01
3.410478864358459816e+00 1.091038900382059307e+00 9.244714658907749794e+00 1.456558980903706280e+00
5.821108186087847969e+00 -3.231407082276183562e+00 -2.102381167657584093e+00 -6.997936719024791863e+00
-2.769756710847990355e+00 -5.889177493697840049e+00 1.008126071851405570e+01 6.696380604772959044e-01
5.470048363510178646e+00 -8.759567636701005355e+00 -1.935240119919068391e+01 -7.643808557429450090e+00
2.142484673377620386e+00 6.124036142813459094e+00 2.092960076400150804e+00 1.373829028133269237e+00
7.623889628891726389e+00 -5.375419569282261278e+00 -1.220831087184077068e+00 -5.207895380376626804e+00
-2.717433341593957330e+00 1.759280733825875132e+00 9.742853640715612329e+00 1.073376640789116099e+00
-4.471447135524318384e+00 -4.202880105057424487e+01 1.053686310483167787e+01 -5.487613061828245264e+00
3.762232519113235085e+00 4.220588245928360571e+00 8.257147913310660670e+00 1.853877363641468179e+01
-9.411682239316194298e+00 -2.017535999471627317e+00 -1.042307063944010181e+01 8.295732446436161922e+00
5.747512868433280353e+00 -5.633777256821665524e+00 2.838381035883913661e+00 1.838155263579553633e+01
-2.256145265809153599e+01 -2.947552261907716087e+01 -1.229376532460426752e+01 1.319766021895163988e+01
1.219927299601516602e+01 1.423780984905292257e+00 3.545189806043186564e+00 -8.428767245830237620e-02
-1.016538579633323813e+01 -1.278619580375595888e+01 -1.042008086836524150e+01 1.485854219128917464e+00
-1.748389983868170239e+00 -3.117120053485046061e+00 2.150411109070058835e+00 7.220675812480505051e+00
-1.920799192538401368e+00 -2.959750856662613216e+01 -2.953003080020276272e+01 -3.170792482678146484e+01
3.556100693929867163e+00 1.216087711170105123e+01 5.662183365790781409e+00 2.327407046222725207e+00
-9.685032362913606363e+00 7.644272812734074662e+00 -5.417899779108639180e+00 2.183218277502869675e+00
-5.831973381010215896e+00 -4.197207599358391050e+00 4.545834219496834194e+00 -1.965204106230980408e+00
-3.436750301277233177e+01 6.536163512966492561e+00 -1.475784385575997604e+01 -3.976583539360882469e+01
